V 54
K 1
D 0 -2286000 2794000 0
Y 1
U 2413000 762000 254000 0 2 3 REFDES=J?
U 2413000 508000 254000 0 2 3 DEVICE=1751581
U 2413000 254000 254000 0 2 0 PKG_TYPE=1751581
U 2413000 0 254000 0 2 0 Description=FFKDSA1/V1-5,08-10 - Printed circuit board terminal, nominal current: 15 A, rated voltage (III/2): 400 V, nominal cross section: 1.5 mm<sup>2</sup>, number of potentials: 10, number of rows: 1, number of positions per row: 10, product range: FFKDS(A)/V1, pitch: 5.08 mm, connection method: Push-in spring connection, mounting: Wave soldering, conductor/PCB connection direction: 90 , color: green, Pin layout: Linear pinning, Solder pin [P]: 3.4 mm, number of solder pins per potential: 2, type of packaging: pa
U 2413000 -254000 254000 0 2 0 Datasheet Link=https://www.phoenixcontact.com/en-us/products/printed-circuit-board-terminal-ffkdsa1v1-508-10-1751581?type=pdf
U 2413000 -508000 254000 0 2 0 Height=13.6
U 2413000 -762000 254000 0 2 0 Manufacturer_Name=Phoenix Contact
U 2413000 -1016000 254000 0 2 0 Manufacturer_Part_Number=1751581
U 2413000 -1270000 254000 0 2 0 Mouser Part Number=651-1751581
U 2413000 -1524000 254000 0 2 0 Mouser Price/Stock=https://www.mouser.co.uk/ProductDetail/Phoenix-Contact/1751581?qs=5SfROSHwb7CCaVxuhSvzeQ%3D%3D
U 2413000 -1778000 254000 0 2 0 Arrow Part Number=
U 2413000 -2032000 254000 0 2 0 Arrow Price/Stock=
U 0 0 254000 0 1 0 FORWARD_PCB=1
l 5 508000 254000 2286000 254000 2286000 -2540000 508000 -2540000 508000 254000
|GRPHSTL -1 -1 -1 1
P 1 0 0 508000 0 0 2 0
L 584200 0 228600 0 2 0 1 0 1.1
A 355600 50800 203200 0 9 3 #=1
A 0 0 9 0 3 0 PINTYPE=BI
P 2 2794000 0 2286000 0 0 3 0
L 2209800 0 228600 0 8 0 1 0 1.2
A 2438400 50800 203200 0 3 3 #=2
A 0 0 9 0 3 0 PINTYPE=BI
P 3 0 -254000 508000 -254000 0 2 0
L 584200 -254000 228600 0 2 0 1 0 2.1
A 355600 -203200 203200 0 9 3 #=3
A 0 0 9 0 3 0 PINTYPE=BI
P 4 2794000 -254000 2286000 -254000 0 3 0
L 2209800 -254000 228600 0 8 0 1 0 2.2
A 2438400 -203200 203200 0 3 3 #=4
A 0 0 9 0 3 0 PINTYPE=BI
P 5 0 -508000 508000 -508000 0 2 0
L 584200 -508000 228600 0 2 0 1 0 3.1
A 355600 -457200 203200 0 9 3 #=5
A 0 0 9 0 3 0 PINTYPE=BI
P 6 2794000 -508000 2286000 -508000 0 3 0
L 2209800 -508000 228600 0 8 0 1 0 3.2
A 2438400 -457200 203200 0 3 3 #=6
A 0 0 9 0 3 0 PINTYPE=BI
P 7 0 -762000 508000 -762000 0 2 0
L 584200 -762000 228600 0 2 0 1 0 4.1
A 355600 -711200 203200 0 9 3 #=7
A 0 0 9 0 3 0 PINTYPE=BI
P 8 2794000 -762000 2286000 -762000 0 3 0
L 2209800 -762000 228600 0 8 0 1 0 4.2
A 2438400 -711200 203200 0 3 3 #=8
A 0 0 9 0 3 0 PINTYPE=BI
P 9 0 -1016000 508000 -1016000 0 2 0
L 584200 -1016000 228600 0 2 0 1 0 5.1
A 355600 -965200 203200 0 9 3 #=9
A 0 0 9 0 3 0 PINTYPE=BI
P 10 2794000 -1016000 2286000 -1016000 0 3 0
L 2209800 -1016000 228600 0 8 0 1 0 5.2
A 2438400 -965200 203200 0 3 3 #=10
A 0 0 9 0 3 0 PINTYPE=BI
P 11 0 -1270000 508000 -1270000 0 2 0
L 584200 -1270000 228600 0 2 0 1 0 6.1
A 355600 -1219200 203200 0 9 3 #=11
A 0 0 9 0 3 0 PINTYPE=BI
P 12 2794000 -1270000 2286000 -1270000 0 3 0
L 2209800 -1270000 228600 0 8 0 1 0 6.2
A 2438400 -1219200 203200 0 3 3 #=12
A 0 0 9 0 3 0 PINTYPE=BI
P 13 0 -1524000 508000 -1524000 0 2 0
L 584200 -1524000 228600 0 2 0 1 0 7.1
A 355600 -1473200 203200 0 9 3 #=13
A 0 0 9 0 3 0 PINTYPE=BI
P 14 2794000 -1524000 2286000 -1524000 0 3 0
L 2209800 -1524000 228600 0 8 0 1 0 7.2
A 2438400 -1473200 203200 0 3 3 #=14
A 0 0 9 0 3 0 PINTYPE=BI
P 15 0 -1778000 508000 -1778000 0 2 0
L 584200 -1778000 228600 0 2 0 1 0 8.1
A 355600 -1727200 203200 0 9 3 #=15
A 0 0 9 0 3 0 PINTYPE=BI
P 16 2794000 -1778000 2286000 -1778000 0 3 0
L 2209800 -1778000 228600 0 8 0 1 0 8.2
A 2438400 -1727200 203200 0 3 3 #=16
A 0 0 9 0 3 0 PINTYPE=BI
P 17 0 -2032000 508000 -2032000 0 2 0
L 584200 -2032000 228600 0 2 0 1 0 9.1
A 355600 -1981200 203200 0 9 3 #=17
A 0 0 9 0 3 0 PINTYPE=BI
P 18 2794000 -2032000 2286000 -2032000 0 3 0
L 2209800 -2032000 228600 0 8 0 1 0 9.2
A 2438400 -1981200 203200 0 3 3 #=18
A 0 0 9 0 3 0 PINTYPE=BI
P 19 0 -2286000 508000 -2286000 0 2 0
L 584200 -2286000 228600 0 2 0 1 0 10.1
A 355600 -2235200 203200 0 9 3 #=19
A 0 0 9 0 3 0 PINTYPE=BI
P 20 2794000 -2286000 2286000 -2286000 0 3 0
L 2209800 -2286000 228600 0 8 0 1 0 10.2
A 2438400 -2235200 203200 0 3 3 #=20
A 0 0 9 0 3 0 PINTYPE=BI
E
